===Q1===
Preorder: [22, 87, 25, 8, 7, 63, 87, 66, 54, 93, 53]
Inorder: [8, 25, 87, 87, 63, 7, 22, 53, 93, 54, 66]
Postorder: [8, 25, 87, 63, 7, 87, 53, 93, 54, 66, 22]

===Q2===
Preorder: [69, 82, 91, 26, 42, 90, 13, 32, 27, 82, 81, 17, 87, 57, 80, 33, 99, 60]
Inorder: [26, 42, 91, 90, 82, 27, 32, 82, 13, 81, 69, 87, 57, 80, 17, 33, 99, 60]
Postorder: [42, 26, 90, 91, 27, 82, 32, 81, 13, 82, 80, 57, 87, 60, 99, 33, 17, 69]

===Q3===
Preorder: [35, 90, 85, 53, 58, 7, 39, 40, 19, 82, 70, 0, 90]
Inorder: [58, 53, 85, 39, 7, 90, 82, 19, 40, 35, 0, 70, 90]
Postorder: [58, 53, 39, 7, 85, 82, 19, 40, 90, 0, 90, 70, 35]

===Q4===
Preorder: [29, 9, 49, 94, 16, 35, 27, 75, 96, 79]
Inorder: [94, 49, 35, 16, 9, 75, 27, 79, 96, 29]
Postorder: [94, 35, 16, 49, 75, 79, 96, 27, 9, 29]

===Q5===
Preorder: [27, 4, 30, 34, 74, 93, 81, 93, 71, 59]
Inorder: [27, 30, 34, 74, 4, 81, 93, 93, 71, 59]
Postorder: [74, 34, 30, 93, 81, 59, 71, 93, 4, 27]

===Q6===
Preorder: [99, 93, 97, 98, 10, 31, 94, 90, 71, 26, 33, 59, 63, 94]
Inorder: [98, 97, 93, 31, 10, 90, 94, 99, 33, 59, 26, 94, 63, 71]
Postorder: [98, 97, 31, 90, 94, 10, 93, 59, 33, 94, 63, 26, 71, 99]

===Q7===
Preorder: [37, 18, 78, 96, 59, 14, 89, 72, 28, 5, 35, 75, 1, 89, 34, 9]
Inorder: [59, 96, 78, 89, 14, 72, 18, 37, 75, 35, 5, 28, 89, 1, 9, 34]
Postorder: [59, 96, 89, 72, 14, 78, 18, 75, 35, 5, 89, 9, 34, 1, 28, 37]

===Q8===
Preorder: [82, 69, 97, 4, 94, 92, 17, 25, 32, 14, 36, 74]
Inorder: [69, 97, 94, 4, 82, 17, 32, 25, 92, 36, 14, 74]
Postorder: [94, 4, 97, 69, 32, 25, 17, 36, 74, 14, 92, 82]

===Q9===
Preorder: [61, 80, 17, 40, 3, 31, 67, 18, 1, 88, 47, 65]
Inorder: [17, 80, 61, 31, 67, 3, 1, 18, 40, 47, 65, 88]
Postorder: [17, 80, 67, 31, 1, 18, 3, 65, 47, 88, 40, 61]

===Q10===
Preorder: [22, 18, 28, 69, 1, 55, 6, 91, 96, 79, 87, 78, 32, 62]
Inorder: [69, 28, 1, 18, 91, 6, 55, 79, 96, 22, 62, 32, 78, 87]
Postorder: [69, 1, 28, 91, 6, 79, 96, 55, 18, 62, 32, 78, 87, 22]

===Q11===
Preorder: [39, 64, 11, 78, 26, 66, 47, 71, 0, 87, 49, 97, 43, 5, 25, 78]
Inorder: [64, 11, 78, 26, 39, 0, 71, 87, 47, 97, 49, 66, 43, 25, 5, 78]
Postorder: [26, 78, 11, 64, 0, 87, 71, 97, 49, 47, 25, 78, 5, 43, 66, 39]

===Q12===
Preorder: [72, 29, 32, 92, 47, 49, 4]
Inorder: [72, 29, 92, 47, 32, 49, 4]
Postorder: [47, 92, 4, 49, 32, 29, 72]

===Q13===
Preorder: [50, 28, 4]
Inorder: [50, 28, 4]
Postorder: [4, 28, 50]

===Q14===
Preorder: [13, 92, 9, 42, 90, 6, 53, 14, 9, 28]
Inorder: [92, 13, 6, 90, 42, 53, 9, 14, 9, 28]
Postorder: [92, 6, 90, 53, 42, 28, 9, 14, 9, 13]

===Q15===
Preorder: [5, 81, 79, 72, 11, 88, 62, 17, 63, 76]
Inorder: [72, 79, 81, 5, 17, 62, 63, 88, 76, 11]
Postorder: [72, 79, 81, 17, 63, 62, 76, 88, 11, 5]

===Q16===
Preorder: [73, 41, 67, 23, 88, 81, 92, 19, 17, 44, 37, 71, 38]
Inorder: [67, 41, 81, 88, 23, 73, 44, 17, 19, 92, 38, 71, 37]
Postorder: [67, 81, 88, 23, 41, 44, 17, 19, 38, 71, 37, 92, 73]

===Q17===
Preorder: [93, 10, 69, 21, 40, 93, 35, 13, 14, 11, 69, 58, 99, 82, 2, 43, 22, 71, 34, 70, 41]
Inorder: [21, 40, 69, 10, 13, 35, 93, 11, 14, 93, 82, 99, 2, 58, 69, 71, 22, 43, 70, 34, 41]
Postorder: [40, 21, 69, 13, 35, 11, 14, 93, 10, 82, 2, 99, 58, 71, 22, 70, 41, 34, 43, 69, 93]

===Q18===
Preorder: [57, 9, 4, 79, 87, 42, 97, 41, 39, 6, 43]
Inorder: [4, 87, 79, 42, 9, 57, 97, 41, 6, 39, 43]
Postorder: [87, 42, 79, 4, 9, 6, 43, 39, 41, 97, 57]

===Q19===
Preorder: [61, 22, 58, 89, 14, 91, 46]
Inorder: [22, 58, 61, 89, 91, 46, 14]
Postorder: [58, 22, 46, 91, 14, 89, 61]

===Q20===
Preorder: [62, 48, 40, 17, 57, 2]
Inorder: [48, 40, 17, 62, 57, 2]
Postorder: [17, 40, 48, 2, 57, 62]

===Q21===
Preorder: [89, 63, 14, 24, 70, 37, 56, 74, 90, 62, 68]
Inorder: [70, 24, 14, 63, 89, 90, 74, 56, 68, 62, 37]
Postorder: [70, 24, 14, 63, 90, 74, 68, 62, 56, 37, 89]

===Q22===
Preorder: [0, 19, 2, 23, 36, 30, 21, 74, 22, 5]
Inorder: [19, 23, 2, 30, 36, 0, 22, 74, 21, 5]
Postorder: [23, 30, 36, 2, 19, 22, 74, 5, 21, 0]

===Q23===
Preorder: [32, 35, 84, 35, 74, 87, 33, 30, 31, 2, 3, 79, 30, 81]
Inorder: [74, 35, 84, 33, 87, 35, 2, 31, 30, 32, 81, 30, 79, 3]
Postorder: [74, 35, 33, 87, 84, 2, 31, 30, 35, 81, 30, 79, 3, 32]

===Q24===
Preorder: [76, 76, 61, 71, 29, 17, 72]
Inorder: [71, 29, 61, 72, 17, 76, 76]
Postorder: [29, 71, 72, 17, 61, 76, 76]

===Q25===
Preorder: [27, 23, 72, 31, 7, 93, 43, 44, 35, 17, 32, 92, 23, 15, 11]
Inorder: [7, 31, 93, 72, 23, 27, 17, 35, 44, 43, 23, 92, 32, 11, 15]
Postorder: [7, 93, 31, 72, 23, 17, 35, 44, 23, 92, 11, 15, 32, 43, 27]

===Q26===
Preorder: [23, 64, 71, 27, 20, 90, 75, 63]
Inorder: [23, 71, 64, 20, 90, 27, 75, 63]
Postorder: [71, 90, 20, 63, 75, 27, 64, 23]

===Q27===
Preorder: [21, 4, 30, 69, 61]
Inorder: [30, 4, 69, 21, 61]
Postorder: [30, 69, 4, 61, 21]

===Q28===
Preorder: [97, 83, 51, 19, 5, 39, 16, 38, 40, 94]
Inorder: [5, 19, 39, 51, 83, 38, 16, 94, 40, 97]
Postorder: [5, 39, 19, 51, 38, 94, 40, 16, 83, 97]

===Q29===
Preorder: [48, 49, 62, 64, 1, 49, 43, 56, 21, 58]
Inorder: [48, 64, 1, 62, 49, 43, 49, 56, 21, 58]
Postorder: [1, 64, 43, 49, 62, 58, 21, 56, 49, 48]

===Q30===
Preorder: [25, 88, 88, 59, 22, 76, 37, 89, 88, 94, 22, 69, 64, 20, 29, 88]
Inorder: [22, 59, 76, 88, 88, 25, 94, 88, 89, 69, 22, 37, 29, 20, 88, 64]
Postorder: [22, 76, 59, 88, 88, 94, 88, 69, 22, 89, 29, 88, 20, 64, 37, 25]

===Q31===
Preorder: [28, 56, 54, 9, 13, 40, 2, 32, 34, 70, 70, 10, 54, 95]
Inorder: [9, 54, 40, 13, 56, 32, 2, 70, 34, 28, 95, 54, 10, 70]
Postorder: [9, 40, 13, 54, 32, 70, 34, 2, 56, 95, 54, 10, 70, 28]

===Q32===
Preorder: [12, 44, 67, 24, 78, 49, 33, 0, 18, 76, 61, 45, 54, 90]
Inorder: [78, 24, 67, 49, 44, 12, 76, 18, 0, 33, 54, 45, 90, 61]
Postorder: [78, 24, 49, 67, 44, 76, 18, 0, 54, 90, 45, 61, 33, 12]

===Q33===
Preorder: [6, 17, 52, 85, 71, 65, 27]
Inorder: [85, 52, 17, 6, 71, 27, 65]
Postorder: [85, 52, 17, 27, 65, 71, 6]

===Q34===
Preorder: [93, 23, 76, 26, 15, 87, 50, 68]
Inorder: [23, 76, 15, 26, 93, 87, 50, 68]
Postorder: [15, 26, 76, 23, 68, 50, 87, 93]

===Q35===
Preorder: [59, 74, 66, 71, 26, 39, 41, 98, 92, 8, 78, 14, 12]
Inorder: [71, 66, 74, 41, 39, 26, 92, 98, 59, 12, 14, 78, 8]
Postorder: [71, 66, 41, 39, 92, 98, 26, 74, 12, 14, 78, 8, 59]

===Q36===
Preorder: [70, 81, 9, 62, 9, 52, 23, 58, 47, 5, 35, 87, 28, 87]
Inorder: [9, 81, 52, 9, 23, 62, 47, 58, 70, 87, 28, 35, 5, 87]
Postorder: [9, 52, 23, 9, 47, 58, 62, 81, 28, 87, 35, 87, 5, 70]

===Q37===
Preorder: [17, 46, 54, 60, 19, 61, 66, 27, 59, 97, 28, 21, 63]
Inorder: [46, 54, 60, 17, 27, 66, 61, 19, 28, 97, 59, 63, 21]
Postorder: [60, 54, 46, 27, 66, 61, 28, 97, 63, 21, 59, 19, 17]

===Q38===
Preorder: [32, 85, 65, 22, 39, 69, 82, 14, 43]
Inorder: [32, 22, 39, 65, 82, 69, 85, 14, 43]
Postorder: [39, 22, 82, 69, 65, 43, 14, 85, 32]

===Q39===
Preorder: [99, 42, 8, 47, 53, 82, 59, 59, 73, 0, 99, 57]
Inorder: [53, 47, 8, 42, 99, 73, 59, 59, 82, 99, 57, 0]
Postorder: [53, 47, 8, 42, 73, 59, 59, 57, 99, 0, 82, 99]

===Q40===
Preorder: [94, 20, 66, 32, 16, 77, 84, 17, 61]
Inorder: [66, 32, 20, 94, 16, 84, 17, 77, 61]
Postorder: [32, 66, 20, 17, 84, 61, 77, 16, 94]

===Q41===
Preorder: [92, 88, 69, 98, 33, 8, 56, 60, 68, 21, 81, 89, 76, 10, 26, 62]
Inorder: [98, 33, 69, 8, 88, 56, 60, 92, 21, 68, 76, 89, 10, 81, 26, 62]
Postorder: [33, 98, 8, 69, 60, 56, 88, 21, 76, 10, 89, 62, 26, 81, 68, 92]

===Q42===
Preorder: [72, 94, 65, 64, 15, 23, 6, 21, 0, 75, 72, 72]
Inorder: [15, 64, 65, 94, 72, 0, 21, 75, 6, 72, 72, 23]
Postorder: [15, 64, 65, 94, 0, 75, 21, 72, 72, 6, 23, 72]

===Q43===
Preorder: [96, 33, 35, 0, 60, 69, 74]
Inorder: [96, 35, 0, 60, 33, 69, 74]
Postorder: [60, 0, 35, 74, 69, 33, 96]

===Q44===
Preorder: [10, 24, 15, 63, 42, 21, 28, 23, 56, 51, 3, 95, 51, 64, 9, 77]
Inorder: [24, 42, 63, 15, 28, 21, 23, 10, 3, 95, 51, 51, 64, 56, 77, 9]
Postorder: [42, 63, 28, 23, 21, 15, 24, 95, 3, 64, 51, 51, 77, 9, 56, 10]

===Q45===
Preorder: [51, 35, 77, 26, 71, 4]
Inorder: [51, 26, 71, 77, 35, 4]
Postorder: [71, 26, 77, 4, 35, 51]

===Q46===
Preorder: [25, 75, 37, 5, 20, 19, 1, 15, 78, 86, 99, 27, 6, 90, 85]
Inorder: [5, 37, 20, 75, 15, 1, 78, 19, 25, 27, 99, 86, 85, 90, 6]
Postorder: [5, 20, 37, 15, 78, 1, 19, 75, 27, 99, 85, 90, 6, 86, 25]

===Q47===
Preorder: [36, 80, 42, 26, 23, 8, 32, 71, 47]
Inorder: [80, 26, 42, 23, 36, 8, 32, 71, 47]
Postorder: [26, 23, 42, 80, 47, 71, 32, 8, 36]

===Q48===
Preorder: [63, 12, 17, 85, 59]
Inorder: [17, 59, 85, 12, 63]
Postorder: [59, 85, 17, 12, 63]

===Q49===
Preorder: [79, 70, 5, 79, 14, 41, 16, 21, 49, 46, 18]
Inorder: [70, 14, 79, 5, 79, 21, 16, 49, 41, 46, 18]
Postorder: [14, 79, 5, 70, 21, 49, 16, 18, 46, 41, 79]

===Q50===
Preorder: [82, 75, 66, 23, 29, 34, 12, 64, 99, 85, 85, 33, 83, 26, 49, 34, 9, 94, 53]
Inorder: [29, 23, 66, 34, 12, 75, 85, 99, 64, 82, 26, 83, 33, 49, 34, 85, 9, 53, 94]
Postorder: [29, 23, 12, 34, 66, 85, 99, 64, 75, 26, 83, 34, 49, 33, 53, 94, 9, 85, 82]

